inherit_from: "configs/rgbd/scannet/base_config.yaml"

Dataset:
  dataset_path: "datasets/scannet/scene0411_02"
  Calibration:
    fx: 1163.445068
    fy: 1164.793945
    cx: 653.626038
    cy: 481.600037
    k1: 0.0
    k2: 0.0
    p1: 0.0
    p2: 0.0
    k3: 0.0
    distorted: False
    width: 1296
    height: 968
    depth_scale: 1000.0